修正,271,0.050768077931809666
中华人民共和国,155,0.02903709254402398
国务院令,120,0.022480329711502434
审批,98,0.018358935931060322
第二次,89,0.01667291120269764
管理,89,0.01667291120269764
第一次,84,0.015736230798051705
管理条例,64,0.011989509179467965
机构,64,0.011989509179467965
主席令,60,0.011240164855751217
国务院,59,0.01105282877482203
行政,55,0.010303484451105283
生产,54,0.010116148370176097
2013,52,0.009741476208317721
国家,51,0.009554140127388535
办法,48,0.008992131884600974
12,44,0.008242787560884226
经营,41,0.007680779318096666
修订,40,0.007493443237167478
监督管理,40,0.007493443237167478
条例,39,0.0073061071562382915
许可证,37,0.006931434994379917
许可,35,0.006556762832521544
28,34,0.006369426751592357
总局,34,0.006369426751592357
29,34,0.006369426751592357
设立,31,0.005807418508804796
27,31,0.005807418508804796
2004,29,0.005432746346946422
服务,29,0.005432746346946422
行政许可,29,0.005432746346946422
2009,29,0.005432746346946422
2014,29,0.005432746346946422
24,28,0.005245410266017235
监管,27,0.005058074185088048
野生动物,26,0.004870738104158861
2011,25,0.004683402023229674
核发,24,0.004496065942300487
化学品,24,0.004496065942300487
企业,23,0.0043087298613713005
取消,23,0.0043087298613713005
旅游,22,0.004121393780442113
技术,22,0.004121393780442113
31,22,0.004121393780442113
11,22,0.004121393780442113
调整,22,0.004121393780442113
第三次,21,0.003934057699512926
确需,21,0.003934057699512926
保留,21,0.003934057699512926
设定,21,0.003934057699512926
412,20,0.003746721618583739
10,20,0.003746721618583739
18,20,0.003746721618583739
事项,19,0.0035593855376545524
2012,19,0.0035593855376545524
建设部,18,0.0033720494567253652
质量,18,0.0033720494567253652
清单,18,0.0033720494567253652
建设项目,17,0.0031847133757961785
危险,16,0.0029973772948669914
工程,16,0.0029973772948669914
旅行社,15,0.002810041213937804
安监局,15,0.002810041213937804
市住,14,0.0026227051330086175
建局,14,0.0026227051330086175
特种设备,14,0.0026227051330086175
水生,13,0.0024353690520794303
产品,13,0.0024353690520794303
道路,13,0.0024353690520794303
安全法,13,0.0024353690520794303
食品,13,0.0024353690520794303
行业,13,0.0024353690520794303
设计,13,0.0024353690520794303
运输,12,0.0022480329711502436
审查,12,0.0022480329711502436
13,12,0.0022480329711502436
实施细则,12,0.0022480329711502436
责任,12,0.0022480329711502436
监理,12,0.0022480329711502436
水务局,12,0.0022480329711502436
检测,12,0.0022480329711502436
保护,11,0.0020606968902210565
资质,11,0.0020606968902210565
银行业,11,0.0020606968902210565
烟草专卖,11,0.0020606968902210565
检验,11,0.0020606968902210565
19,11,0.0020606968902210565
设施,11,0.0020606968902210565
52,11,0.0020606968902210565
建设工程,11,0.0020606968902210565
易制毒,10,0.0018733608092918695
安全监管,10,0.0018733608092918695
农业,10,0.0018733608092918695
26,10,0.0018733608092918695
保护法,10,0.0018733608092918695
30,10,0.0018733608092918695
修改,10,0.0018733608092918695
外国,9,0.0016860247283626826
白山市,9,0.0016860247283626826
商务部,9,0.0016860247283626826
22,9,0.0016860247283626826
登记,9,0.0016860247283626826
药品,9,0.0016860247283626826
委员会,9,0.0016860247283626826
中国,9,0.0016860247283626826
下放,9,0.0016860247283626826
文广,9,0.0016860247283626826
交运,9,0.0016860247283626826
公告,9,0.0016860247283626826
烟花爆竹,9,0.0016860247283626826
业务,9,0.0016860247283626826
新局,9,0.0016860247283626826
2010,9,0.0016860247283626826
农业部,9,0.0016860247283626826
卫生,9,0.0016860247283626826
核准,8,0.0014986886474334957
16,8,0.0014986886474334957
发委,8,0.0014986886474334957
吉林省人民政府,8,0.0014986886474334957
资格,8,0.0014986886474334957
发布,8,0.0014986886474334957
第六批,8,0.0014986886474334957
人防,8,0.0014986886474334957
改革,8,0.0014986886474334957
林业局,8,0.0014986886474334957
第九号,8,0.0014986886474334957
14,8,0.0014986886474334957
质监局,8,0.0014986886474334957
制度,8,0.0014986886474334957
市旅,8,0.0014986886474334957
15,8,0.0014986886474334957
工业,8,0.0014986886474334957
审核,7,0.0013113525665043087
房地产,7,0.0013113525665043087
重点保护,7,0.0013113525665043087
公安部,7,0.0013113525665043087
2002,7,0.0013113525665043087
企业资质,7,0.0013113525665043087
吉林省,7,0.0013113525665043087
第四次,7,0.0013113525665043087
认定,7,0.0013113525665043087
监督,7,0.0013113525665043087
77,7,0.0013113525665043087
2006,7,0.0013113525665043087
公民,7,0.0013113525665043087
评价,7,0.0013113525665043087
法规,7,0.0013113525665043087
代表,7,0.0013113525665043087
商务局,7,0.0013113525665043087
公安局,7,0.0013113525665043087
变更,7,0.0013113525665043087
2000,7,0.0013113525665043087
质检,7,0.0013113525665043087
暂行办法,7,0.0013113525665043087
2008,6,0.0011240164855751218
密码,6,0.0011240164855751218
渔业,6,0.0011240164855751218
活动,6,0.0011240164855751218
团队,6,0.0011240164855751218
零售,6,0.0011240164855751218
第五十八,6,0.0011240164855751218
市食,6,0.0011240164855751218
野生植物,6,0.0011240164855751218
2003,6,0.0011240164855751218
职责,6,0.0011240164855751218
食品药品,6,0.0011240164855751218
主管部门,6,0.0011240164855751218
交通运输,6,0.0011240164855751218
2001,6,0.0011240164855751218
36,6,0.0011240164855751218
人防办,6,0.0011240164855751218
煤矿,6,0.0011240164855751218
21,6,0.0011240164855751218
557,6,0.0011240164855751218
管理局,6,0.0011240164855751218
环保局,6,0.0011240164855751218
计划生育,6,0.0011240164855751218
燃气,6,0.0011240164855751218
一批,6,0.0011240164855751218
政发,6,0.0011240164855751218
药局,6,0.0011240164855751218
暂行规定,6,0.0011240164855751218
666,6,0.0011240164855751218
分支机构,5,0.0009366804046459348
批发,5,0.0009366804046459348
证券业,5,0.0009366804046459348
城乡,5,0.0009366804046459348
455,5,0.0009366804046459348
80,5,0.0009366804046459348
1987,5,0.0009366804046459348
住房,5,0.0009366804046459348
20,5,0.0009366804046459348
出国,5,0.0009366804046459348
环境影响,5,0.0009366804046459348
拍卖,5,0.0009366804046459348
场所,5,0.0009366804046459348
条件,5,0.0009366804046459348
商事,5,0.0009366804046459348
部令,5,0.0009366804046459348
新闻出版,5,0.0009366804046459348
印刷业,5,0.0009366804046459348
意见,5,0.0009366804046459348
监管部门,5,0.0009366804046459348
79,5,0.0009366804046459348
利用,5,0.0009366804046459348
金融,5,0.0009366804046459348
后续,5,0.0009366804046459348
试行,5,0.0009366804046459348
常驻,5,0.0009366804046459348
工商登记,5,0.0009366804046459348
医疗器械,5,0.0009366804046459348
国家旅游局,5,0.0009366804046459348
维修,5,0.0009366804046459348
评估,5,0.0009366804046459348
陆生,5,0.0009366804046459348
计量法,5,0.0009366804046459348
资格证,5,0.0009366804046459348
居民,5,0.0009366804046459348
市场监管,5,0.0009366804046459348
商务,5,0.0009366804046459348
签发,5,0.0009366804046459348
二级,4,0.0007493443237167478
第四号,4,0.0007493443237167478
出版,4,0.0007493443237167478
1997,4,0.0007493443237167478
放射性,4,0.0007493443237167478
防护,4,0.0007493443237167478
安装,4,0.0007493443237167478
第四十六,4,0.0007493443237167478
17,4,0.0007493443237167478
计量,4,0.0007493443237167478
化学,4,0.0007493443237167478
从业,4,0.0007493443237167478
招标,4,0.0007493443237167478
服务业,4,0.0007493443237167478
保安,4,0.0007493443237167478
体育,4,0.0007493443237167478
规则,4,0.0007493443237167478
279,4,0.0007493443237167478
经营企业法,4,0.0007493443237167478
第四十七,4,0.0007493443237167478
融资,4,0.0007493443237167478
市卫,4,0.0007493443237167478
担保,4,0.0007493443237167478
金融机构,4,0.0007493443237167478
后置,4,0.0007493443237167478
文化,4,0.0007493443237167478
公共场所,4,0.0007493443237167478
人力资源,4,0.0007493443237167478
涉及,4,0.0007493443237167478
计委,4,0.0007493443237167478
经营者,4,0.0007493443237167478
32,4,0.0007493443237167478
公布,4,0.0007493443237167478
管理法,4,0.0007493443237167478
科学研究,4,0.0007493443237167478
装置,4,0.0007493443237167478
规范,4,0.0007493443237167478
民用,4,0.0007493443237167478
化学原料,4,0.0007493443237167478
中心,4,0.0007493443237167478
定点,4,0.0007493443237167478
二十,4,0.0007493443237167478
防治法,4,0.0007493443237167478
对外劳务,4,0.0007493443237167478
城市,4,0.0007493443237167478
23,4,0.0007493443237167478
十六,4,0.0007493443237167478
广电,4,0.0007493443237167478
特种行业,4,0.0007493443237167478
制品,4,0.0007493443237167478
管制,4,0.0007493443237167478
建筑业,4,0.0007493443237167478
水利工程,4,0.0007493443237167478
施工图,4,0.0007493443237167478
前置,4,0.0007493443237167478
商用,4,0.0007493443237167478
估价,4,0.0007493443237167478
办公室,4,0.0007493443237167478
国人,4,0.0007493443237167478
驾驶员,4,0.0007493443237167478
保证金,4,0.0007493443237167478
44,4,0.0007493443237167478
制造,4,0.0007493443237167478
57,4,0.0007493443237167478
人民政府,4,0.0007493443237167478
证明,4,0.0007493443237167478
生物,3,0.0005620082427875609
典当,3,0.0005620082427875609
63,3,0.0005620082427875609
卫星,3,0.0005620082427875609
生猪,3,0.0005620082427875609
号令,3,0.0005620082427875609
设置,3,0.0005620082427875609
外资企业,3,0.0005620082427875609
出口,3,0.0005620082427875609
年本,3,0.0005620082427875609
343,3,0.0005620082427875609
征信,3,0.0005620082427875609
397,3,0.0005620082427875609
人员编制,3,0.0005620082427875609
第三批,3,0.0005620082427875609
医疗机构,3,0.0005620082427875609
电影,3,0.0005620082427875609
驯养,3,0.0005620082427875609
乙级,3,0.0005620082427875609
爆炸,3,0.0005620082427875609
123,3,0.0005620082427875609
20141,3,0.0005620082427875609
监察,3,0.0005620082427875609
59,3,0.0005620082427875609
内设,3,0.0005620082427875609
注销,3,0.0005620082427875609
序列,3,0.0005620082427875609
公安机关,3,0.0005620082427875609
储存,3,0.0005620082427875609
外商投资,3,0.0005620082427875609
土地,3,0.0005620082427875609
出境,3,0.0005620082427875609
接收,3,0.0005620082427875609
代理,3,0.0005620082427875609
货物运输,3,0.0005620082427875609
安监,3,0.0005620082427875609
实行,3,0.0005620082427875609
充装,3,0.0005620082427875609
进出口,3,0.0005620082427875609
防空,3,0.0005620082427875609
主要职责,3,0.0005620082427875609
印刷品,3,0.0005620082427875609
电视广播,3,0.0005620082427875609
回收,3,0.0005620082427875609
印刷,3,0.0005620082427875609
零售业,3,0.0005620082427875609
互联网,3,0.0005620082427875609
公物,3,0.0005620082427875609
65,3,0.0005620082427875609
公共,3,0.0005620082427875609
制造业,3,0.0005620082427875609
粮食,3,0.0005620082427875609
香港,3,0.0005620082427875609
办发,3,0.0005620082427875609
执行,3,0.0005620082427875609
水运,3,0.0005620082427875609
计量局,3,0.0005620082427875609
投资,3,0.0005620082427875609
包括,3,0.0005620082427875609
87,3,0.0005620082427875609
2005,3,0.0005620082427875609
进口,3,0.0005620082427875609
信息化,3,0.0005620082427875609
第三号,3,0.0005620082427875609
156,3,0.0005620082427875609
保险业,3,0.0005620082427875609
繁殖,3,0.0005620082427875609
第三十四,3,0.0005620082427875609
物品,3,0.0005620082427875609
培训,3,0.0005620082427875609
193,3,0.0005620082427875609
营业性,3,0.0005620082427875609
172,3,0.0005620082427875609
加工,3,0.0005620082427875609
315,3,0.0005620082427875609
人民,3,0.0005620082427875609
从业人员,3,0.0005620082427875609
专业,3,0.0005620082427875609
白山,3,0.0005620082427875609
医疗保险,3,0.0005620082427875609
收购,3,0.0005620082427875609
45,3,0.0005620082427875609
环境,3,0.0005620082427875609
期货交易,3,0.0005620082427875609
营利性,3,0.0005620082427875609
特许,3,0.0005620082427875609
354,3,0.0005620082427875609
外资银行,3,0.0005620082427875609
国办发,3,0.0005620082427875609
勘察,3,0.0005620082427875609
组织,3,0.0005620082427875609
防雷,3,0.0005620082427875609
射线,3,0.0005620082427875609
同位素,3,0.0005620082427875609
工程建设,3,0.0005620082427875609
223,3,0.0005620082427875609
67,3,0.0005620082427875609
支行,3,0.0005620082427875609
地面,3,0.0005620082427875609
水利,3,0.0005620082427875609
旅馆业,3,0.0005620082427875609
外汇,3,0.0005620082427875609
人民银行,3,0.0005620082427875609
初审,3,0.0005620082427875609
Q定,3,0.0005620082427875609
流通,3,0.0005620082427875609
国务院办公厅,3,0.0005620082427875609
资产,3,0.0005620082427875609
2007,2,0.0003746721618583739
第十二号,2,0.0003746721618583739
证券公司,2,0.0003746721618583739
物项,2,0.0003746721618583739
废弃,2,0.0003746721618583739
成品油,2,0.0003746721618583739
技监局,2,0.0003746721618583739
贸易,2,0.0003746721618583739
咨询,2,0.0003746721618583739
发放,2,0.0003746721618583739
化妆品,2,0.0003746721618583739
35,2,0.0003746721618583739
新建,2,0.0003746721618583739
物种,2,0.0003746721618583739
澳门,2,0.0003746721618583739
电器,2,0.0003746721618583739
职业,2,0.0003746721618583739
中国人民银行,2,0.0003746721618583739
对外贸易,2,0.0003746721618583739
出售,2,0.0003746721618583739
全国人大常委会,2,0.0003746721618583739
小额贷款,2,0.0003746721618583739
国家计划生育委员会,2,0.0003746721618583739
境外,2,0.0003746721618583739
畜禽,2,0.0003746721618583739
478,2,0.0003746721618583739
事中,2,0.0003746721618583739
旅游社,2,0.0003746721618583739
出入境,2,0.0003746721618583739
373,2,0.0003746721618583739
旅客,2,0.0003746721618583739
82,2,0.0003746721618583739
依据,2,0.0003746721618583739
事后,2,0.0003746721618583739
投标法,2,0.0003746721618583739
承接,2,0.0003746721618583739
境内,2,0.0003746721618583739
压力容器,2,0.0003746721618583739
121,2,0.0003746721618583739
50,2,0.0003746721618583739
135,2,0.0003746721618583739
公共设施,2,0.0003746721618583739
医疗,2,0.0003746721618583739
法律,2,0.0003746721618583739
149,2,0.0003746721618583739
颁布,2,0.0003746721618583739
出具,2,0.0003746721618583739
第七十,2,0.0003746721618583739
市场准入,2,0.0003746721618583739
省级,2,0.0003746721618583739
185,2,0.0003746721618583739
41,2,0.0003746721618583739
51,2,0.0003746721618583739
保险,2,0.0003746721618583739
61,2,0.0003746721618583739
引进,2,0.0003746721618583739
64,2,0.0003746721618583739
十一,2,0.0003746721618583739
46,2,0.0003746721618583739
第二类,2,0.0003746721618583739
销售,2,0.0003746721618583739
矿山企业,2,0.0003746721618583739
城镇,2,0.0003746721618583739
农产品,2,0.0003746721618583739
会议,2,0.0003746721618583739
作业,2,0.0003746721618583739
公路,2,0.0003746721618583739
暂停,2,0.0003746721618583739
二十一,2,0.0003746721618583739
报废,2,0.0003746721618583739
法定,2,0.0003746721618583739
备注,2,0.0003746721618583739
上网,2,0.0003746721618583739
合作经营,2,0.0003746721618583739
检定,2,0.0003746721618583739
气球,2,0.0003746721618583739
第三类,2,0.0003746721618583739
158,2,0.0003746721618583739
农业机械,2,0.0003746721618583739
因私,2,0.0003746721618583739
重点,2,0.0003746721618583739
机动车,2,0.0003746721618583739
273,2,0.0003746721618583739
489,2,0.0003746721618583739
娱乐场所,2,0.0003746721618583739
减灾,2,0.0003746721618583739
内地,2,0.0003746721618583739
对外贸易经济合作部,2,0.0003746721618583739
银监,2,0.0003746721618583739
33,2,0.0003746721618583739
十九,2,0.0003746721618583739
包装,2,0.0003746721618583739
58,2,0.0003746721618583739
25,2,0.0003746721618583739
台湾同胞,2,0.0003746721618583739
气象局,2,0.0003746721618583739
扩建,2,0.0003746721618583739
42,2,0.0003746721618583739
燃烧,2,0.0003746721618583739
建设,2,0.0003746721618583739
营业,2,0.0003746721618583739
十二,2,0.0003746721618583739
十四,2,0.0003746721618583739
特别,2,0.0003746721618583739
十八,2,0.0003746721618583739
办事机构,2,0.0003746721618583739
音像制品,2,0.0003746721618583739
TSG,2,0.0003746721618583739
工程造价,2,0.0003746721618583739
564,2,0.0003746721618583739
中外合作,2,0.0003746721618583739
分社,2,0.0003746721618583739
装潢,2,0.0003746721618583739
污染环境,2,0.0003746721618583739
大陆,2,0.0003746721618583739
商业银行,2,0.0003746721618583739
枪支,2,0.0003746721618583739
通知书,2,0.0003746721618583739
证券,2,0.0003746721618583739
措施,2,0.0003746721618583739
取款,2,0.0003746721618583739
网点,2,0.0003746721618583739
39,2,0.0003746721618583739
器具,2,0.0003746721618583739
结汇,2,0.0003746721618583739
84,2,0.0003746721618583739
渔业法,2,0.0003746721618583739
驻华,2,0.0003746721618583739
406,2,0.0003746721618583739
建立,2,0.0003746721618583739
退出,2,0.0003746721618583739
344,2,0.0003746721618583739
气瓶,2,0.0003746721618583739
72,2,0.0003746721618583739
娱乐,2,0.0003746721618583739
结算,2,0.0003746721618583739
社会保障,2,0.0003746721618583739
城乡规划,2,0.0003746721618583739
驾驶,2,0.0003746721618583739
指定,2,0.0003746721618583739
转基因,2,0.0003746721618583739
贯彻落实,2,0.0003746721618583739
电子产品,2,0.0003746721618583739
职能,2,0.0003746721618583739
导游,2,0.0003746721618583739
十五,2,0.0003746721618583739
固体废物,2,0.0003746721618583739
危险废物,2,0.0003746721618583739
项目名称,2,0.0003746721618583739
证券法,2,0.0003746721618583739
开发,2,0.0003746721618583739
准入,2,0.0003746721618583739
爆破作业,2,0.0003746721618583739
水利部,2,0.0003746721618583739
港口,2,0.0003746721618583739
房地产业,2,0.0003746721618583739
道路交通,2,0.0003746721618583739
经营性,2,0.0003746721618583739
特种,2,0.0003746721618583739
银行,2,0.0003746721618583739
466,2,0.0003746721618583739
外来,2,0.0003746721618583739
中外合资,2,0.0003746721618583739
证明文件,2,0.0003746721618583739
合作,2,0.0003746721618583739
通用设备,2,0.0003746721618583739
序号,2,0.0003746721618583739
分类,2,0.0003746721618583739
93,2,0.0003746721618583739
团体,2,0.0003746721618583739
出租汽车,2,0.0003746721618583739
583,2,0.0003746721618583739
台湾地区,2,0.0003746721618583739
植物检疫,2,0.0003746721618583739
204,2,0.0003746721618583739
非银行,2,0.0003746721618583739
环境保护部,2,0.0003746721618583739
财政部,2,0.0003746721618583739
移动式,2,0.0003746721618583739
售汇,2,0.0003746721618583739
建筑,2,0.0003746721618583739
娱乐业,2,0.0003746721618583739
烟草业,2,0.0003746721618583739
75,2,0.0003746721618583739
邮政,2,0.0003746721618583739
汽车,2,0.0003746721618583739
政办发,2,0.0003746721618583739
采集,2,0.0003746721618583739
认可,2,0.0003746721618583739
1992,2,0.0003746721618583739
卫生部,2,0.0003746721618583739
内资,2,0.0003746721618583739
全国人民代表大会常务委员会,2,0.0003746721618583739
缴纳,2,0.0003746721618583739
73,2,0.0003746721618583739
测绘,2,0.0003746721618583739
改建,2,0.0003746721618583739
承包,2,0.0003746721618583739
客运,2,0.0003746721618583739
编制,2,0.0003746721618583739
经合,2,0.0003746721618583739
水资源,2,0.0003746721618583739
62,2,0.0003746721618583739
交通部,2,0.0003746721618583739
入境,2,0.0003746721618583739
规划局,2,0.0003746721618583739
584,2,0.0003746721618583739
76,1,0.00018733608092918696
96,1,0.00018733608092918696
促进法,1,0.00018733608092918696
分公司,1,0.00018733608092918696
畜牧法,1,0.00018733608092918696
中华人民共和国政府,1,0.00018733608092918696
120,1,0.00018733608092918696
115,1,0.00018733608092918696
纳入,1,0.00018733608092918696
四部,1,0.00018733608092918696
577,1,0.00018733608092918696
石油,1,0.00018733608092918696
指导,1,0.00018733608092918696
计量站,1,0.00018733608092918696
滩涂,1,0.00018733608092918696
保险公司,1,0.00018733608092918696
学校,1,0.00018733608092918696
99,1,0.00018733608092918696
政府部门,1,0.00018733608092918696
主管,1,0.00018733608092918696
中央军事委员会,1,0.00018733608092918696
能源,1,0.00018733608092918696
263,1,0.00018733608092918696
许可法,1,0.00018733608092918696
污染,1,0.00018733608092918696
参照,1,0.00018733608092918696
458,1,0.00018733608092918696
民办教育,1,0.00018733608092918696
十七,1,0.00018733608092918696
中资,1,0.00018733608092918696
合格证书,1,0.00018733608092918696
563,1,0.00018733608092918696
37,1,0.00018733608092918696
同意,1,0.00018733608092918696
邮政法,1,0.00018733608092918696
40,1,0.00018733608092918696
金融服务,1,0.00018733608092918696
GA990,1,0.00018733608092918696
鼓励,1,0.00018733608092918696
认真执行,1,0.00018733608092918696
第八届,1,0.00018733608092918696
107,1,0.00018733608092918696
发证,1,0.00018733608092918696
国务院台湾事务办公室,1,0.00018733608092918696
309,1,0.00018733608092918696
水域,1,0.00018733608092918696
49,1,0.00018733608092918696
282,1,0.00018733608092918696
施行,1,0.00018733608092918696
十四号,1,0.00018733608092918696
航空,1,0.00018733608092918696
先照后证,1,0.00018733608092918696
清扫,1,0.00018733608092918696
野生,1,0.00018733608092918696
保险机构,1,0.00018733608092918696
更强,1,0.00018733608092918696
95,1,0.00018733608092918696
108,1,0.00018733608092918696
第十二届,1,0.00018733608092918696
390,1,0.00018733608092918696
动植物,1,0.00018733608092918696
强化,1,0.00018733608092918696
文艺表演,1,0.00018733608092918696
出版单位,1,0.00018733608092918696
通字,1,0.00018733608092918696
民办学校,1,0.00018733608092918696
深化,1,0.00018733608092918696
两用品,1,0.00018733608092918696
114,1,0.00018733608092918696
领队证,1,0.00018733608092918696
341,1,0.00018733608092918696
携带,1,0.00018733608092918696
酒吧,1,0.00018733608092918696
两用,1,0.00018733608092918696
金属,1,0.00018733608092918696
地下,1,0.00018733608092918696
丙级,1,0.00018733608092918696
142,1,0.00018733608092918696
征收,1,0.00018733608092918696
水体,1,0.00018733608092918696
同胞,1,0.00018733608092918696
100,1,0.00018733608092918696
林区,1,0.00018733608092918696
91,1,0.00018733608092918696
演出,1,0.00018733608092918696
111,1,0.00018733608092918696
防震,1,0.00018733608092918696
保障法,1,0.00018733608092918696
307,1,0.00018733608092918696
管理权限,1,0.00018733608092918696
第五十七,1,0.00018733608092918696
八月,1,0.00018733608092918696
104,1,0.00018733608092918696
工程质量,1,0.00018733608092918696
74,1,0.00018733608092918696
培训班,1,0.00018733608092918696
第二十,1,0.00018733608092918696
分工,1,0.00018733608092918696
551,1,0.00018733608092918696
69,1,0.00018733608092918696
国家经济贸易委员会,1,0.00018733608092918696
413,1,0.00018733608092918696
采矿业,1,0.00018733608092918696
119,1,0.00018733608092918696
发生,1,0.00018733608092918696
274,1,0.00018733608092918696
客货运输,1,0.00018733608092918696
胚胎,1,0.00018733608092918696
装卸,1,0.00018733608092918696
中介,1,0.00018733608092918696
1646,1,0.00018733608092918696
393,1,0.00018733608092918696
电力,1,0.00018733608092918696
气象,1,0.00018733608092918696
放映,1,0.00018733608092918696
依法,1,0.00018733608092918696
155,1,0.00018733608092918696
咖啡馆,1,0.00018733608092918696
发展,1,0.00018733608092918696
各县,1,0.00018733608092918696
613,1,0.00018733608092918696
全国人大常务委员会,1,0.00018733608092918696
管理机构,1,0.00018733608092918696
228,1,0.00018733608092918696
冶炼,1,0.00018733608092918696
产品销售,1,0.00018733608092918696
53,1,0.00018733608092918696
取用,1,0.00018733608092918696
健全,1,0.00018733608092918696
109,1,0.00018733608092918696
植物,1,0.00018733608092918696
97,1,0.00018733608092918696
地震局,1,0.00018733608092918696
废塑料,1,0.00018733608092918696
新闻出版署,1,0.00018733608092918696
55,1,0.00018733608092918696
拆解,1,0.00018733608092918696
公章,1,0.00018733608092918696
到位,1,0.00018733608092918696
445,1,0.00018733608092918696
市人,1,0.00018733608092918696
116,1,0.00018733608092918696
625,1,0.00018733608092918696
三下,1,0.00018733608092918696
98,1,0.00018733608092918696
市级,1,0.00018733608092918696
期货,1,0.00018733608092918696
110,1,0.00018733608092918696
导游证,1,0.00018733608092918696
森林法,1,0.00018733608092918696
86,1,0.00018733608092918696
68,1,0.00018733608092918696
国土局,1,0.00018733608092918696
操作,1,0.00018733608092918696
181,1,0.00018733608092918696
原则,1,0.00018733608092918696
七十二,1,0.00018733608092918696
种子,1,0.00018733608092918696
烟草专卖局,1,0.00018733608092918696
兼营,1,0.00018733608092918696
第六十,1,0.00018733608092918696
办理,1,0.00018733608092918696
飞行,1,0.00018733608092918696
342,1,0.00018733608092918696
署长,1,0.00018733608092918696
278,1,0.00018733608092918696
管道,1,0.00018733608092918696
确保,1,0.00018733608092918696
为市,1,0.00018733608092918696
中介服务,1,0.00018733608092918696
更优,1,0.00018733608092918696
个子,1,0.00018733608092918696
合并,1,0.00018733608092918696
办学,1,0.00018733608092918696
政办,1,0.00018733608092918696
筑物,1,0.00018733608092918696
大中型,1,0.00018733608092918696
兑换,1,0.00018733608092918696
海运,1,0.00018733608092918696
导弹,1,0.00018733608092918696
垃圾,1,0.00018733608092918696
1983,1,0.00018733608092918696
60,1,0.00018733608092918696
02,1,0.00018733608092918696
第一类,1,0.00018733608092918696
本级,1,0.00018733608092918696
单独,1,0.00018733608092918696
濒危,1,0.00018733608092918696
117,1,0.00018733608092918696
生活,1,0.00018733608092918696
人民代表大会常务委员会,1,0.00018733608092918696
94,1,0.00018733608092918696
系留,1,0.00018733608092918696
班线,1,0.00018733608092918696
精液,1,0.00018733608092918696
仓储,1,0.00018733608092918696
90,1,0.00018733608092918696
549,1,0.00018733608092918696
十三,1,0.00018733608092918696
技术培训,1,0.00018733608092918696
猎捕,1,0.00018733608092918696
保健食品,1,0.00018733608092918696
公治,1,0.00018733608092918696
460,1,0.00018733608092918696
160,1,0.00018733608092918696
102,1,0.00018733608092918696
验收,1,0.00018733608092918696
电信,1,0.00018733608092918696
屠宰场,1,0.00018733608092918696
捕捉,1,0.00018733608092918696
标准,1,0.00018733608092918696
83,1,0.00018733608092918696
养老,1,0.00018733608092918696
分级,1,0.00018733608092918696
水路运输,1,0.00018733608092918696
一九五一年,1,0.00018733608092918696
木材,1,0.00018733608092918696
工商行政,1,0.00018733608092918696
优化,1,0.00018733608092918696
106,1,0.00018733608092918696
家畜,1,0.00018733608092918696
升放,1,0.00018733608092918696
出租,1,0.00018733608092918696
典当业,1,0.00018733608092918696
交通工具,1,0.00018733608092918696
56,1,0.00018733608092918696
海关总署,1,0.00018733608092918696
县境,1,0.00018733608092918696
合作社,1,0.00018733608092918696
1993,1,0.00018733608092918696
及省,1,0.00018733608092918696
终止,1,0.00018733608092918696
目录,1,0.00018733608092918696
1998,1,0.00018733608092918696
调运,1,0.00018733608092918696
113,1,0.00018733608092918696
变化,1,0.00018733608092918696
开采,1,0.00018733608092918696
授权,1,0.00018733608092918696
122,1,0.00018733608092918696
363,1,0.00018733608092918696
631,1,0.00018733608092918696
92,1,0.00018733608092918696
备用金,1,0.00018733608092918696
第四十五,1,0.00018733608092918696
基础设施,1,0.00018733608092918696
整合,1,0.00018733608092918696
第七号,1,0.00018733608092918696
林木,1,0.00018733608092918696
48,1,0.00018733608092918696
第十届,1,0.00018733608092918696
365,1,0.00018733608092918696
R4002,1,0.00018733608092918696
俄罗斯联邦政府,1,0.00018733608092918696
43,1,0.00018733608092918696
国家环境保护总局,1,0.00018733608092918696
记账,1,0.00018733608092918696
297,1,0.00018733608092918696
118,1,0.00018733608092918696
撤并,1,0.00018733608092918696
市场主体,1,0.00018733608092918696
落实,1,0.00018733608092918696
俄罗斯,1,0.00018733608092918696
相互,1,0.00018733608092918696
法律法规,1,0.00018733608092918696
列明,1,0.00018733608092918696
协定,1,0.00018733608092918696
276,1,0.00018733608092918696
体制改革,1,0.00018733608092918696
405,1,0.00018733608092918696
子项目,1,0.00018733608092918696
第五十一,1,0.00018733608092918696
无人驾驶,1,0.00018733608092918696
1990,1,0.00018733608092918696
船舶,1,0.00018733608092918696
处置,1,0.00018733608092918696
第六十六,1,0.00018733608092918696
工程设计,1,0.00018733608092918696
证券类,1,0.00018733608092918696
澳门特别行政区,1,0.00018733608092918696
101,1,0.00018733608092918696
个体,1,0.00018733608092918696
一是,1,0.00018733608092918696
环境保护,1,0.00018733608092918696
服务质量,1,0.00018733608092918696
规划设计,1,0.00018733608092918696
长输,1,0.00018733608092918696
78,1,0.00018733608092918696
第十八,1,0.00018733608092918696
取水,1,0.00018733608092918696
通则,1,0.00018733608092918696
暂行,1,0.00018733608092918696
影响,1,0.00018733608092918696
第六号,1,0.00018733608092918696
保险法,1,0.00018733608092918696
89,1,0.00018733608092918696
85,1,0.00018733608092918696
社办,1,0.00018733608092918696
外字,1,0.00018733608092918696
拖拉机,1,0.00018733608092918696
市政府,1,0.00018733608092918696
代表处,1,0.00018733608092918696
包含,1,0.00018733608092918696
47,1,0.00018733608092918696
汽电车,1,0.00018733608092918696
第二十二次,1,0.00018733608092918696
风险,1,0.00018733608092918696
71,1,0.00018733608092918696
餐饮,1,0.00018733608092918696
市场,1,0.00018733608092918696
地方,1,0.00018733608092918696
民办,1,0.00018733608092918696
划转,1,0.00018733608092918696
考核,1,0.00018733608092918696
438,1,0.00018733608092918696
蚕种,1,0.00018733608092918696
认证,1,0.00018733608092918696
药店,1,0.00018733608092918696
广电总局,1,0.00018733608092918696
专属,1,0.00018733608092918696
中国气象局,1,0.00018733608092918696
整顿,1,0.00018733608092918696
第七十三,1,0.00018733608092918696
配售,1,0.00018733608092918696
职业病,1,0.00018733608092918696
1995,1,0.00018733608092918696
农民,1,0.00018733608092918696
承担,1,0.00018733608092918696
54,1,0.00018733608092918696
112,1,0.00018733608092918696
对须,1,0.00018733608092918696
一号,1,0.00018733608092918696
饭店,1,0.00018733608092918696
国内,1,0.00018733608092918696
417,1,0.00018733608092918696
国家林业局,1,0.00018733608092918696
第十一条,1,0.00018733608092918696
年版,1,0.00018733608092918696
试点,1,0.00018733608092918696
金融资产,1,0.00018733608092918696
改为,1,0.00018733608092918696
154,1,0.00018733608092918696
38,1,0.00018733608092918696
开设,1,0.00018733608092918696
灾害,1,0.00018733608092918696
设防,1,0.00018733608092918696
老年人,1,0.00018733608092918696
制定,1,0.00018733608092918696
第六十一,1,0.00018733608092918696
收集,1,0.00018733608092918696
449,1,0.00018733608092918696
林策,1,0.00018733608092918696
冷冻,1,0.00018733608092918696
日期,1,0.00018733608092918696
吉测,1,0.00018733608092918696
旅游团,1,0.00018733608092918696
捕捞,1,0.00018733608092918696
163,1,0.00018733608092918696
分包,1,0.00018733608092918696
建房,1,0.00018733608092918696
R4001,1,0.00018733608092918696
社会,1,0.00018733608092918696
江河湖泊,1,0.00018733608092918696
548,1,0.00018733608092918696
分为,1,0.00018733608092918696
动态,1,0.00018733608092918696
体育场馆,1,0.00018733608092918696
交易所,1,0.00018733608092918696
种类,1,0.00018733608092918696
茶座,1,0.00018733608092918696
1999,1,0.00018733608092918696
第二十九,1,0.00018733608092918696
371,1,0.00018733608092918696
IC卡,1,0.00018733608092918696
公路工程,1,0.00018733608092918696
签证,1,0.00018733608092918696
高度重视,1,0.00018733608092918696
全国人大,1,0.00018733608092918696
十五项,1,0.00018733608092918696
权益,1,0.00018733608092918696
88,1,0.00018733608092918696
启用,1,0.00018733608092918696
客运站,1,0.00018733608092918696
分立,1,0.00018733608092918696
规划,1,0.00018733608092918696
中央,1,0.00018733608092918696
社局,1,0.00018733608092918696
执业,1,0.00018733608092918696
市直,1,0.00018733608092918696
刻字,1,0.00018733608092918696
第四十九,1,0.00018733608092918696
324,1,0.00018733608092918696
数量,1,0.00018733608092918696
两个,1,0.00018733608092918696
指引,1,0.00018733608092918696
自由,1,0.00018733608092918696
自保,1,0.00018733608092918696
经济社会,1,0.00018733608092918696
竣工,1,0.00018733608092918696
第三十九,1,0.00018733608092918696
465,1,0.00018733608092918696
620,1,0.00018733608092918696
养殖,1,0.00018733608092918696
华侨,1,0.00018733608092918696
弹药,1,0.00018733608092918696
81,1,0.00018733608092918696
工商户,1,0.00018733608092918696
439,1,0.00018733608092918696
408,1,0.00018733608092918696
国家经贸委,1,0.00018733608092918696
社会保险,1,0.00018733608092918696
狩猎场,1,0.00018733608092918696
423,1,0.00018733608092918696
教育,1,0.00018733608092918696
更简,1,0.00018733608092918696
十五日,1,0.00018733608092918696
254,1,0.00018733608092918696
电视,1,0.00018733608092918696
明电,1,0.00018733608092918696
典当行,1,0.00018733608092918696
经济,1,0.00018733608092918696
通用,1,0.00018733608092918696
407,1,0.00018733608092918696
第二十八,1,0.00018733608092918696
591,1,0.00018733608092918696
广播,1,0.00018733608092918696
防御,1,0.00018733608092918696
拍卖法,1,0.00018733608092918696
361,1,0.00018733608092918696
238,1,0.00018733608092918696
射击场,1,0.00018733608092918696
供应,1,0.00018733608092918696
铁路,1,0.00018733608092918696
抗震,1,0.00018733608092918696
129,1,0.00018733608092918696
648,1,0.00018733608092918696
弩射,1,0.00018733608092918696
房屋建筑,1,0.00018733608092918696
141,1,0.00018733608092918696
专用设备,1,0.00018733608092918696
方可,1,0.00018733608092918696
印铸,1,0.00018733608092918696
种子法,1,0.00018733608092918696
互免,1,0.00018733608092918696
70,1,0.00018733608092918696
农村,1,0.00018733608092918696
办公厅,1,0.00018733608092918696
34,1,0.00018733608092918696
小型,1,0.00018733608092918696
易燃易爆,1,0.00018733608092918696
测绘法,1,0.00018733608092918696
570,1,0.00018733608092918696
刻制,1,0.00018733608092918696
治安管理,1,0.00018733608092918696
计生,1,0.00018733608092918696
293,1,0.00018733608092918696
第三十五,1,0.00018733608092918696
质量技术监督局,1,0.00018733608092918696
市政,1,0.00018733608092918696
民政局,1,0.00018733608092918696
委员长,1,0.00018733608092918696
其他人,1,0.00018733608092918696
输送,1,0.00018733608092918696
转发,1,0.00018733608092918696
150,1,0.00018733608092918696
卵子,1,0.00018733608092918696
发改委,1,0.00018733608092918696
固定,1,0.00018733608092918696
外汇业务,1,0.00018733608092918696
市场秩序,1,0.00018733608092918696
103,1,0.00018733608092918696
劳动,1,0.00018733608092918696
经本,1,0.00018733608092918696
66,1,0.00018733608092918696
第九十,1,0.00018733608092918696
105,1,0.00018733608092918696
国家一级,1,0.00018733608092918696
废物,1,0.00018733608092918696
城镇职工,1,0.00018733608092918696
管字,1,0.00018733608092918696
国家工商行政管理局,1,0.00018733608092918696
履行,1,0.00018733608092918696
水法,1,0.00018733608092918696
二是,1,0.00018733608092918696
屠宰厂,1,0.00018733608092918696
财资,1,0.00018733608092918696
TSGZ7001,1,0.00018733608092918696
贸易部,1,0.00018733608092918696
国家级,1,0.00018733608092918696
矿山,1,0.00018733608092918696
质监,1,0.00018733608092918696
施工,1,0.00018733608092918696
来华,1,0.00018733608092918696
业务范围,1,0.00018733608092918696
公园,1,0.00018733608092918696
信用社,1,0.00018733608092918696
广发,1,0.00018733608092918696
兼并,1,0.00018733608092918696
资源,1,0.00018733608092918696
