投诉,68,0.06732673267326733
com,33,0.032673267326732675
举报,32,0.031683168316831684
163,25,0.024752475247524754
事项,16,0.015841584158415842
营商环境,16,0.015841584158415842
受诉,12,0.011881188118811881
gov,12,0.011881188118811881
cn,12,0.011881188118811881
http,11,0.01089108910891089
www,10,0.009900990099009901
投资,9,0.00891089108910891
防城港市,9,0.00891089108910891
优化,9,0.00891089108910891
fcgs,8,0.007920792079207921
机构,6,0.005940594059405941
126,6,0.005940594059405941
行政,6,0.005940594059405941
企业,6,0.005940594059405941
委员会,5,0.0049504950495049506
建立,5,0.0049504950495049506
理由,4,0.0039603960396039604
转办,4,0.0039603960396039604
建议,4,0.0039603960396039604
督办,4,0.0039603960396039604
条件,4,0.0039603960396039604
招商,4,0.0039603960396039604
办结,4,0.0039603960396039604
保密,4,0.0039603960396039604
渠道,4,0.0039603960396039604
协调,4,0.0039603960396039604
市场主体,3,0.0029702970297029703
服务,3,0.0029702970297029703
政府,3,0.0029702970297029703
一级,3,0.0029702970297029703
公众,3,0.0029702970297029703
审批,3,0.0029702970297029703
信箱,3,0.0029702970297029703
方式,3,0.0029702970297029703
事实,3,0.0029702970297029703
诉方,3,0.0029702970297029703
发展,3,0.0029702970297029703
管委,3,0.0029702970297029703
包括,3,0.0029702970297029703
办理,3,0.0029702970297029703
高效,3,0.0029702970297029703
程序,3,0.0029702970297029703
上级,3,0.0029702970297029703
网址,3,0.0029702970297029703
性质,3,0.0029702970297029703
工作人员,3,0.0029702970297029703
时限,3,0.0029702970297029703
监督,3,0.0029702970297029703
尽快,3,0.0029702970297029703
调查核实,3,0.0029702970297029703
材料,3,0.0029702970297029703
符合,3,0.0029702970297029703
回访,2,0.0019801980198019802
调查,2,0.0019801980198019802
解决,2,0.0019801980198019802
创新,2,0.0019801980198019802
局子,2,0.0019801980198019802
落实,2,0.0019801980198019802
指导,2,0.0019801980198019802
作出,2,0.0019801980198019802
机关,2,0.0019801980198019802
政府部门,2,0.0019801980198019802
重点,2,0.0019801980198019802
政策,2,0.0019801980198019802
反馈,2,0.0019801980198019802
争议,2,0.0019801980198019802
对象,2,0.0019801980198019802
0770,2,0.0019801980198019802
影响,2,0.0019801980198019802
精神,2,0.0019801980198019802
登记,2,0.0019801980198019802
行政复议,2,0.0019801980198019802
按规定,2,0.0019801980198019802
深化改革,2,0.0019801980198019802
22,2,0.0019801980198019802
分析,2,0.0019801980198019802
依法,2,0.0019801980198019802
热线,2,0.0019801980198019802
社会,2,0.0019801980198019802
门户网,2,0.0019801980198019802
31,2,0.0019801980198019802
存档,2,0.0019801980198019802
30,2,0.0019801980198019802
中国,2,0.0019801980198019802
2818576,2,0.0019801980198019802
案例,2,0.0019801980198019802
管理,2,0.0019801980198019802
qq,2,0.0019801980198019802
定期,2,0.0019801980198019802
限时,2,0.0019801980198019802
网站,2,0.0019801980198019802
曝光,2,0.0019801980198019802
周边,2,0.0019801980198019802
10,2,0.0019801980198019802
提高,2,0.0019801980198019802
办公室,2,0.0019801980198019802
涉及,2,0.0019801980198019802
告知,2,0.0019801980198019802
案件,2,0.0019801980198019802
18,2,0.0019801980198019802
开放,2,0.0019801980198019802
典型,2,0.0019801980198019802
较大,2,0.0019801980198019802
电话,2,0.0019801980198019802
行政诉讼,2,0.0019801980198019802
投资者,2,0.0019801980198019802
请求,2,0.0019801980198019802
提出,2,0.0019801980198019802
政务服务,2,0.0019801980198019802
联系电话,2,0.0019801980198019802
合法权益,2,0.0019801980198019802
答复,1,0.0009900990099009901
2818107,1,0.0009900990099009901
向利,1,0.0009900990099009901
明春,1,0.0009900990099009901
35,1,0.0009900990099009901
xl903567010,1,0.0009900990099009901
fcg,1,0.0009900990099009901
诉求,1,0.0009900990099009901
解决方案,1,0.0009900990099009901
人大,1,0.0009900990099009901
6106860,1,0.0009900990099009901
便于,1,0.0009900990099009901
流程,1,0.0009900990099009901
以党,1,0.0009900990099009901
环境保护局,1,0.0009900990099009901
多种,1,0.0009900990099009901
3398088,1,0.0009900990099009901
唐彦红,1,0.0009900990099009901
黄冰,1,0.0009900990099009901
办发,1,0.0009900990099009901
2826581,1,0.0009900990099009901
29,1,0.0009900990099009901
tjj2200891g,1,0.0009900990099009901
督查,1,0.0009900990099009901
纳入,1,0.0009900990099009901
2830768,1,0.0009900990099009901
dxzhaoshang,1,0.0009900990099009901
3259009,1,0.0009900990099009901
ls2822309,1,0.0009900990099009901
快速,1,0.0009900990099009901
旅游,1,0.0009900990099009901
2881235,1,0.0009900990099009901
fcgswqb2015,1,0.0009900990099009901
金融,1,0.0009900990099009901
fcgswhw,1,0.0009900990099009901
保护,1,0.0009900990099009901
外侨,1,0.0009900990099009901
lqf91916,1,0.0009900990099009901
zsj,1,0.0009900990099009901
合法,1,0.0009900990099009901
2822900,1,0.0009900990099009901
主管,1,0.0009900990099009901
平台,1,0.0009900990099009901
张秀,1,0.0009900990099009901
举报人,1,0.0009900990099009901
邮箱,1,0.0009900990099009901
智慧,1,0.0009900990099009901
fcgjkq,1,0.0009900990099009901
mzj2823047,1,0.0009900990099009901
14,1,0.0009900990099009901
2861258,1,0.0009900990099009901
原则,1,0.0009900990099009901
创新性,1,0.0009900990099009901
成效,1,0.0009900990099009901
中心区,1,0.0009900990099009901
持续,1,0.0009900990099009901
亲商安商,1,0.0009900990099009901
36,1,0.0009900990099009901
37,1,0.0009900990099009901
27,1,0.0009900990099009901
留言,1,0.0009900990099009901
一是,1,0.0009900990099009901
32,1,0.0009900990099009901
十九,1,0.0009900990099009901
提供,1,0.0009900990099009901
2838198,1,0.0009900990099009901
推诿,1,0.0009900990099009901
履行职责,1,0.0009900990099009901
fcgjjczd,1,0.0009900990099009901
水产,1,0.0009900990099009901
2830646,1,0.0009900990099009901
服务质量,1,0.0009900990099009901
jtjfgk413,1,0.0009900990099009901
结案,1,0.0009900990099009901
规范,1,0.0009900990099009901
健康,1,0.0009900990099009901
问询,1,0.0009900990099009901
互动,1,0.0009900990099009901
资料,1,0.0009900990099009901
查必,1,0.0009900990099009901
大厦,1,0.0009900990099009901
2828942,1,0.0009900990099009901
中共,1,0.0009900990099009901
办事,1,0.0009900990099009901
不力,1,0.0009900990099009901
x2883116,1,0.0009900990099009901
潘俊宇,1,0.0009900990099009901
进展,1,0.0009900990099009901
gxw2836004,1,0.0009900990099009901
2818327,1,0.0009900990099009901
药品监督管理局,1,0.0009900990099009901
力求,1,0.0009900990099009901
2827413,1,0.0009900990099009901
设立,1,0.0009900990099009901
提起,1,0.0009900990099009901
诉讼,1,0.0009900990099009901
不须,1,0.0009900990099009901
周明,1,0.0009900990099009901
统计,1,0.0009900990099009901
姓名,1,0.0009900990099009901
2818767,1,0.0009900990099009901
整改措施,1,0.0009900990099009901
北部湾,1,0.0009900990099009901
责任人员,1,0.0009900990099009901
李燕,1,0.0009900990099009901
所在地,1,0.0009900990099009901
承担,1,0.0009900990099009901
信访,1,0.0009900990099009901
fcgga,1,0.0009900990099009901
效能,1,0.0009900990099009901
市住,1,0.0009900990099009901
不良影响,1,0.0009900990099009901
fcgsswj,1,0.0009900990099009901
fgzhaoshang,1,0.0009900990099009901
公民,1,0.0009900990099009901
强化,1,0.0009900990099009901
苏文,1,0.0009900990099009901
计委,1,0.0009900990099009901
fcg2830273,1,0.0009900990099009901
经开区,1,0.0009900990099009901
23,1,0.0009900990099009901
唐琪,1,0.0009900990099009901
2827758,1,0.0009900990099009901
陈莉,1,0.0009900990099009901
2883855,1,0.0009900990099009901
双查,1,0.0009900990099009901
2800615,1,0.0009900990099009901
2823565,1,0.0009900990099009901
ss3566,1,0.0009900990099009901
复印件,1,0.0009900990099009901
2069629,1,0.0009900990099009901
申办,1,0.0009900990099009901
稳定,1,0.0009900990099009901
机制,1,0.0009900990099009901
食品,1,0.0009900990099009901
港澳办,1,0.0009900990099009901
fcgfda,1,0.0009900990099009901
上门,1,0.0009900990099009901
2835782,1,0.0009900990099009901
依据,1,0.0009900990099009901
24,1,0.0009900990099009901
丽丽,1,0.0009900990099009901
严重破坏,1,0.0009900990099009901
文件精神,1,0.0009900990099009901
必查,1,0.0009900990099009901
不公,1,0.0009900990099009901
2881242,1,0.0009900990099009901
初审,1,0.0009900990099009901
26,1,0.0009900990099009901
国土资源,1,0.0009900990099009901
交待,1,0.0009900990099009901
fcgcyj,1,0.0009900990099009901
职业,1,0.0009900990099009901
社会主义,1,0.0009900990099009901
知识产权局,1,0.0009900990099009901
税务局,1,0.0009900990099009901
监管,1,0.0009900990099009901
接到,1,0.0009900990099009901
习近平,1,0.0009900990099009901
12,1,0.0009900990099009901
szjj,1,0.0009900990099009901
传真,1,0.0009900990099009901
fcglyj,1,0.0009900990099009901
住所,1,0.0009900990099009901
推进,1,0.0009900990099009901
曾羽,1,0.0009900990099009901
6102385,1,0.0009900990099009901
严肃,1,0.0009900990099009901
2828933,1,0.0009900990099009901
2831288,1,0.0009900990099009901
防城,1,0.0009900990099009901
fcggafz,1,0.0009900990099009901
公安局,1,0.0009900990099009901
被诉人,1,0.0009900990099009901
王大琼,1,0.0009900990099009901
工作作风,1,0.0009900990099009901
接受,1,0.0009900990099009901
红树林,1,0.0009900990099009901
index,1,0.0009900990099009901
属地,1,0.0009900990099009901
gxgs,1,0.0009900990099009901
如诉案,1,0.0009900990099009901
查证,1,0.0009900990099009901
保障,1,0.0009900990099009901
教育局,1,0.0009900990099009901
打造,1,0.0009900990099009901
广西壮族自治区人民政府,1,0.0009900990099009901
2217508,1,0.0009900990099009901
来电,1,0.0009900990099009901
粮食局,1,0.0009900990099009901
38,1,0.0009900990099009901
研究,1,0.0009900990099009901
13,1,0.0009900990099009901
政府职能,1,0.0009900990099009901
scxmj,1,0.0009900990099009901
兰晓妮,1,0.0009900990099009901
严格遵守,1,0.0009900990099009901
20,1,0.0009900990099009901
html,1,0.0009900990099009901
发生,1,0.0009900990099009901
办到,1,0.0009900990099009901
2839858,1,0.0009900990099009901
网上,1,0.0009900990099009901
新高,1,0.0009900990099009901
时代,1,0.0009900990099009901
交办,1,0.0009900990099009901
工作日,1,0.0009900990099009901
责任,1,0.0009900990099009901
jkq,1,0.0009900990099009901
问责,1,0.0009900990099009901
制定,1,0.0009900990099009901
财政局,1,0.0009900990099009901
有果,1,0.0009900990099009901
2823266,1,0.0009900990099009901
国内外,1,0.0009900990099009901
媒体,1,0.0009900990099009901
恶劣,1,0.0009900990099009901
转来,1,0.0009900990099009901
纪检监察,1,0.0009900990099009901
参与,1,0.0009900990099009901
外方,1,0.0009900990099009901
全区,1,0.0009900990099009901
兽医局,1,0.0009900990099009901
外来,1,0.0009900990099009901
2816096,1,0.0009900990099009901
园区,1,0.0009900990099009901
联络,1,0.0009900990099009901
2823213,1,0.0009900990099009901
拖拉,1,0.0009900990099009901
谢彦佐,1,0.0009900990099009901
8523566,1,0.0009900990099009901
7694845,1,0.0009900990099009901
年满,1,0.0009900990099009901
案案,1,0.0009900990099009901
19,1,0.0009900990099009901
fcgsswj12366,1,0.0009900990099009901
温俊宝,1,0.0009900990099009901
高于,1,0.0009900990099009901
2822080,1,0.0009900990099009901
林业局,1,0.0009900990099009901
包容,1,0.0009900990099009901
李健,1,0.0009900990099009901
分类,1,0.0009900990099009901
文化,1,0.0009900990099009901
gxepb,1,0.0009900990099009901
提请,1,0.0009900990099009901
2836585,1,0.0009900990099009901
2822346,1,0.0009900990099009901
2833859,1,0.0009900990099009901
21,1,0.0009900990099009901
迎宾路,1,0.0009900990099009901
当事人,1,0.0009900990099009901
门槛,1,0.0009900990099009901
公章,1,0.0009900990099009901
序号,1,0.0009900990099009901
17,1,0.0009900990099009901
2861055,1,0.0009900990099009901
市人,1,0.0009900990099009901
党委,1,0.0009900990099009901
2822309,1,0.0009900990099009901
2835781,1,0.0009900990099009901
约见,1,0.0009900990099009901
2826575,1,0.0009900990099009901
jtj,1,0.0009900990099009901
加盖,1,0.0009900990099009901
通讯,1,0.0009900990099009901
宣传,1,0.0009900990099009901
gxqgw,1,0.0009900990099009901
畜牧,1,0.0009900990099009901
2827962,1,0.0009900990099009901
jrb2818818,1,0.0009900990099009901
信箱地址,1,0.0009900990099009901
39,1,0.0009900990099009901
宾泽全,1,0.0009900990099009901
285398390,1,0.0009900990099009901
可延长,1,0.0009900990099009901
农委,1,0.0009900990099009901
市直,1,0.0009900990099009901
11,1,0.0009900990099009901
指导思想,1,0.0009900990099009901
上级部门,1,0.0009900990099009901
公正,1,0.0009900990099009901
两个,1,0.0009900990099009901
中方,1,0.0009900990099009901
来信,1,0.0009900990099009901
2822167,1,0.0009900990099009901
佟礼明,1,0.0009900990099009901
一案,1,0.0009900990099009901
2861808,1,0.0009900990099009901
市卫,1,0.0009900990099009901
广西壮族自治区,1,0.0009900990099009901
目标,1,0.0009900990099009901
泄露,1,0.0009900990099009901
广西,1,0.0009900990099009901
民政局,1,0.0009900990099009901
跟踪,1,0.0009900990099009901
2880597,1,0.0009900990099009901
有诉,1,0.0009900990099009901
承办,1,0.0009900990099009901
改进,1,0.0009900990099009901
名称,1,0.0009900990099009901
亮点,1,0.0009900990099009901
市政,1,0.0009900990099009901
信号,1,0.0009900990099009901
筛选,1,0.0009900990099009901
处理意见,1,0.0009900990099009901
透明,1,0.0009900990099009901
spb2820169,1,0.0009900990099009901
思思,1,0.0009900990099009901
低于,1,0.0009900990099009901
市工商局,1,0.0009900990099009901
仲裁,1,0.0009900990099009901
组织,1,0.0009900990099009901
涉企,1,0.0009900990099009901
fcgsrsj,1,0.0009900990099009901
实行,1,0.0009900990099009901
海关,1,0.0009900990099009901
16,1,0.0009900990099009901
stjj,1,0.0009900990099009901
孙践,1,0.0009900990099009901
台账,1,0.0009900990099009901
zwgk,1,0.0009900990099009901
特色,1,0.0009900990099009901
商务局,1,0.0009900990099009901
信守,1,0.0009900990099009901
途径,1,0.0009900990099009901
予以,1,0.0009900990099009901
fcgtcj,1,0.0009900990099009901
文广,1,0.0009900990099009901
693204227,1,0.0009900990099009901
意见,1,0.0009900990099009901
港口区,1,0.0009900990099009901
大会,1,0.0009900990099009901
2633668,1,0.0009900990099009901
法律,1,0.0009900990099009901
各项,1,0.0009900990099009901
若干意见,1,0.0009900990099009901
全方位,1,0.0009900990099009901
统一,1,0.0009900990099009901
郭翠,1,0.0009900990099009901
2830400,1,0.0009900990099009901
28,1,0.0009900990099009901
畅通,1,0.0009900990099009901
侵害,1,0.0009900990099009901
2818922,1,0.0009900990099009901
各县,1,0.0009900990099009901
及市,1,0.0009900990099009901
现场,1,0.0009900990099009901
加快,1,0.0009900990099009901
海洋局,1,0.0009900990099009901
2801193,1,0.0009900990099009901
优惠政策,1,0.0009900990099009901
信委,1,0.0009900990099009901
2881243,1,0.0009900990099009901
企业法人,1,0.0009900990099009901
防城区,1,0.0009900990099009901
实施方案,1,0.0009900990099009901
2839028,1,0.0009900990099009901
fgtzk,1,0.0009900990099009901
钟宁,1,0.0009900990099009901
汇报,1,0.0009900990099009901
国有企业,1,0.0009900990099009901
34,1,0.0009900990099009901
涉嫌,1,0.0009900990099009901
12360,1,0.0009900990099009901
真实,1,0.0009900990099009901
社局,1,0.0009900990099009901
三是,1,0.0009900990099009901
公共服务,1,0.0009900990099009901
桂发,1,0.0009900990099009901
2880798,1,0.0009900990099009901
力争,1,0.0009900990099009901
四是,1,0.0009900990099009901
思想,1,0.0009900990099009901
33,1,0.0009900990099009901
25,1,0.0009900990099009901
水利局,1,0.0009900990099009901
质量技术监督局,1,0.0009900990099009901
承诺,1,0.0009900990099009901
黄志武,1,0.0009900990099009901
2220105,1,0.0009900990099009901
2069070,1,0.0009900990099009901
统计局,1,0.0009900990099009901
收费,1,0.0009900990099009901
个人信息,1,0.0009900990099009901
高新区,1,0.0009900990099009901
市工,1,0.0009900990099009901
gkzhaoshang,1,0.0009900990099009901
欢欢,1,0.0009900990099009901
分级,1,0.0009900990099009901
抓手,1,0.0009900990099009901
身份证,1,0.0009900990099009901
2633633,1,0.0009900990099009901
微信,1,0.0009900990099009901
15,1,0.0009900990099009901
相互,1,0.0009900990099009901
统筹,1,0.0009900990099009901
延期,1,0.0009900990099009901
谈锡园,1,0.0009900990099009901
电子邮箱,1,0.0009900990099009901
务实,1,0.0009900990099009901
查阅,1,0.0009900990099009901
违法违纪,1,0.0009900990099009901
召集,1,0.0009900990099009901
书面,1,0.0009900990099009901
科学技术,1,0.0009900990099009901
gxqts,1,0.0009900990099009901
处事,1,0.0009900990099009901
做好,1,0.0009900990099009901
启动,1,0.0009900990099009901
监察机关,1,0.0009900990099009901
建委,1,0.0009900990099009901
fcgjyjjjk,1,0.0009900990099009901
2217500,1,0.0009900990099009901
按责,1,0.0009900990099009901
罗慧军,1,0.0009900990099009901
建设,1,0.0009900990099009901
二是,1,0.0009900990099009901
走访,1,0.0009900990099009901
2833809,1,0.0009900990099009901
下级,1,0.0009900990099009901
2831968,1,0.0009900990099009901
事事,1,0.0009900990099009901
联系方式,1,0.0009900990099009901
3258009,1,0.0009900990099009901
7682429,1,0.0009900990099009901
包居龙,1,0.0009900990099009901
详细,1,0.0009900990099009901
整治,1,0.0009900990099009901
2801808,1,0.0009900990099009901
职责,1,0.0009900990099009901
2818337,1,0.0009900990099009901
6126251,1,0.0009900990099009901
江山,1,0.0009900990099009901
政协,1,0.0009900990099009901
改革,1,0.0009900990099009901
fcggxqfwb,1,0.0009900990099009901
2217506,1,0.0009900990099009901
兑现,1,0.0009900990099009901
东兴市,1,0.0009900990099009901
fc3258009,1,0.0009900990099009901
特制订,1,0.0009900990099009901
秦瑶,1,0.0009900990099009901
2292969,1,0.0009900990099009901
领导,1,0.0009900990099009901
不服,1,0.0009900990099009901
营造,1,0.0009900990099009901
卷宗,1,0.0009900990099009901
贻误,1,0.0009900990099009901
交通运输,1,0.0009900990099009901
上思县,1,0.0009900990099009901
殷亮,1,0.0009900990099009901
蒙静,1,0.0009900990099009901
fcg2837861,1,0.0009900990099009901
客观,1,0.0009900990099009901
权限,1,0.0009900990099009901
2824477,1,0.0009900990099009901
fcgswsjfj,1,0.0009900990099009901
